-46.460
-22.931
-18.218
-15.172
-15.074
-12.828
-11.143
-9.832
-8.784
-7.210
-6.086
-5.243
-4.587
-4.063
-3.633
-3.275
-2.972
-2.712
-2.487
-2.290
-2.116
-1.962
-1.824
-1.699
-1.587
-1.484
-1.391
-1.306
-1.227
-1.154
-1.087
-1.025
-0.967
-0.913
-0.863
-0.815
-0.771
-0.729
-0.690
-0.653
-0.618
-0.585
-0.554
-0.524
-0.496
-0.469
-0.444
-0.419
-0.396
-0.374
-0.353
-0.333
-0.313
-0.295
-0.277
-0.260
-0.244
-0.228 
-0.213
-0.198
-0.184
-0.171
-0.158
-0.146