-243.611
-120.419
-95.753
-79.809
-79.298
-67.537
-58.710
-51.840
-46.341
-38.084
-32.180
-27.746
-24.294
-21.530
-19.266
-17.377
-15.778
-14.407
-13.217
-12.175
-11.256
-10.437
-9.705
-9.045
-8.448
-7.905
-7.409
-6.954
-6.535
-6.148
-5.790
-5.457
-5.147
-4.857
-4.586
-4.332
-4.093
-3.867
-3.655
-3.455
-3.265
-3.085
-2.914
-2.751
-2.597
-2.449
-2.309
-2.175
-2.046
-1.923
-1.806
-1.693
-1.584
-1.480
-1.380
-1.283
-1.190
-1.101
-1.015
-0.931
-0.851
-0.773
-0.697
-0.625