-126.729
-61.986
-49.001
-40.599
-40.330
-34.128 
-29.469
-25.842
-22.936
-18.570
-15.446
-13.098
-11.269
-9.803
-8.603
-7.601
-6.752
-6.024
-5.392
-4.839
-4.350
-3.915
-3.525
-3.175
-2.857
-2.568
-2.304
-2.062
-1.839
-1.633
-1.442
-1.265
-1.100
-0.946
-0.802
-0.666
-0.539
-0.420
-0.307
-0.200
-0.099
-0.004
0.087
0.173
0.255
0.333
0.408
0.479
0.547
0.612
0.674
0.734
0.791
0.846
0.899
0.950
0.999
1.046
1.092
1.135
1.178
1.218
1.258
1.296